-0.6804278901714041
  y: 0.055457415415289146
  z: 0.18283646705575662
orientation: 
  x: 0.7245307984360139
  y: -0.10369875888279961
  z: 0.6785443759689619
  w: -0.06228342181368529

