  p = [-0.10980129940875934, 0.24148290854837165, 0.6530058256954899]
  q = [0.9237253866370317, 0.3830219400393468, -0.0008034391280377695, 0.004995799868765048]
